1.000000000000000000e+01 7.549935363194534149e-03 8.689036404109798384e-02
9.971877349033691829e+00 7.549931455944022297e-03 8.689034155729866149e-02
9.943833786417124898e+00 7.550428078853611662e-03 8.689319926699448637e-02
9.915869089732884945e+00 7.551234046541312021e-03 8.689783683464917530e-02
9.887983037189068014e+00 7.553152421540950193e-03 8.690887423929129219e-02
9.860175407617507659e+00 7.549385139911432736e-03 8.688719779064942028e-02
9.832445980472007463e+00 7.548414006549756215e-03 8.688160913881462499e-02
9.804794535826621527e+00 7.548107756363931636e-03 8.687984666402175093e-02
9.777220854373879888e+00 7.550743824771277701e-03 8.689501611008124127e-02
9.749724717423072562e+00 7.550277889318298026e-03 8.689233504353705007e-02
9.722305906898508709e+00 7.553172809231342884e-03 8.690899153270242872e-02
9.694964205337770480e+00 7.552367505257530193e-03 8.690435837895318927e-02
9.667699395890018366e+00 7.551665909782141924e-03 8.690032168975062032e-02
9.640511262314237939e+00 7.553429039431649311e-03 8.691046564960774878e-02
9.613399588977554089e+00 7.553713024688556849e-03 8.691209941480275425e-02
9.586364160853511507e+00 7.552120562286950348e-03 8.690293759296603693e-02
9.559404763520349846e+00 7.550769532661168355e-03 8.689516403495173291e-02
9.532521183159339273e+00 7.550306509897238699e-03 8.689249973327524412e-02
9.505713206553046746e+00 7.555220310379145640e-03 8.692077030479622435e-02
9.478980621083673341e+00 7.554644647670913545e-03 8.691745881968084009e-02
9.452323214731366718e+00 7.556363709449427993e-03 8.692734730480061733e-02
9.425740776072501603e+00 7.553795429568029886e-03 8.691257348374877012e-02
9.399233094278066858e+00 7.556832387885171337e-03 8.693004306846495444e-02
9.372799959111931756e+00 7.553038644978556440e-03 8.690821966292115730e-02
9.346441160929217062e+00 7.553710960718947910e-03 8.691208754091082900e-02
9.320156490674627037e+00 7.555579640713493313e-03 8.692283727947157368e-02
9.293945739880765444e+00 7.557396300815702288e-03 8.693328649496522009e-02
9.267808700666522626e+00 7.556629387730326615e-03 8.692887545419143713e-02
9.241745165735386180e+00 7.556722389279222664e-03 8.692941038152290911e-02
9.215754928373829813e+00 7.558056777287208185e-03 8.693708516672966902e-02
9.189837782449664871e+00 7.556026288179836306e-03 8.692540645967573865e-02
9.163993522410383008e+00 7.558269400564307690e-03 8.693830801530651187e-02
9.138221943281561011e+00 7.554401586094164171e-03 8.691606057624887138e-02
9.112522840665203461e+00 7.556761459613145666e-03 8.692963510571723174e-02
9.086896010738149343e+00 7.557382367139183280e-03 8.693320635487444825e-02
9.061341250250441348e+00 7.556727133635072688e-03 8.692943767007280109e-02
9.035858356523700508e+00 7.559430403991672376e-03 8.694498492720366400e-02
9.010447127449552340e+00 7.553559562170808657e-03 8.691121654982635059e-02
8.985107361487989053e+00 7.555790297158740919e-03 8.692404901498054781e-02
8.959838857665793910e+00 7.554288004737230722e-03 8.691540717696276397e-02
8.934641415574947843e+00 7.550388532520948236e-03 8.689297170957469008e-02
8.909514835371014740e+00 7.552563044109437441e-03 8.690548339494716390e-02
8.884458917771590691e+00 7.550929865096581671e-03 8.689608659253063305e-02
8.859473464054689273e+00 7.551126448769603962e-03 8.689721772743706774e-02
8.834558276057201454e+00 7.552026880247554412e-03 8.690239858742423995e-02
8.809713156173298643e+00 7.556726896807980029e-03 8.692943630789273790e-02
8.784937907352862396e+00 7.554440680352703802e-03 8.691628547258968551e-02
8.760232333099949642e+00 7.556911216996874819e-03 8.693049647273892733e-02
8.735596237471195735e+00 7.553167263078515090e-03 8.690895962487708848e-02
8.711029425074293897e+00 7.553972263845772431e-03 8.691359078904617452e-02
8.686531701066437350e+00 7.555843843243217027e-03 8.692435701944085935e-02
8.662102871152750794e+00 7.552336695213448213e-03 8.690418111468198314e-02
8.637742741584785833e+00 7.552215906258652467e-03 8.690348615710793978e-02
8.613451119158950675e+00 7.554634821411572616e-03 8.691740229327825362e-02
8.589227811215003783e+00 7.556006574053027863e-03 8.692529306279632439e-02
8.565072625634517323e+00 7.556576290288032072e-03 8.692857004626287909e-02
8.540985370839337065e+00 7.557020553840031359e-03 8.693112534552875637e-02
8.516965855790093798e+00 7.554151093328205675e-03 8.691461956039504833e-02
8.493013889984659670e+00 7.561686615327974960e-03 8.695795889582491611e-02
8.469129283456654278e+00 7.556652913385993216e-03 8.692901076962737672e-02
8.445311846773938314e+00 7.560393724577386260e-03 8.695052457908110377e-02
8.421561391037093003e+00 7.557697088278829065e-03 8.693501646792752002e-02
8.397877727877945730e+00 7.557891343579296699e-03 8.693613370503254500e-02
8.374260669458065465e+00 7.561197670345164330e-03 8.695514746319026045e-02
8.350710028467258184e+00 7.562515599109042447e-03 8.696272534315517555e-02
8.327225618122119144e+00 7.565877409985705473e-03 8.698205222909899392e-02
8.303807252164503439e+00 7.555761983149713798e-03 8.692388614845585060e-02
8.280454744860090699e+00 7.562052827093879159e-03 8.696006455318371076e-02
8.257167910996894733e+00 7.560265388352014650e-03 8.694978659175658930e-02
8.233946565883776714e+00 7.560395505199342565e-03 8.695053481836291509e-02
8.210790525349022317e+00 7.562438221195214375e-03 8.696228045075182767e-02
8.187699605738835373e+00 7.562708701977848696e-03 8.696383559835575705e-02
8.164673623915918554e+00 7.565513617281553402e-03 8.697996100988751589e-02
8.141712397258000777e+00 7.558882640693080461e-03 8.694183481324212204e-02
8.118815743656385919e+00 7.561018380642404828e-03 8.695411652499497601e-02
8.095983481514526403e+00 7.561154590081574367e-03 8.695489974740684691e-02
8.073215429746563032e+00 7.561940281293305990e-03 8.695941743878753127e-02
8.050511407775905681e+00 7.563378745144957831e-03 8.696768793721584845e-02
8.027871235533792671e+00 7.562273454031373694e-03 8.696133309713791060e-02
8.005294733457853695e+00 7.559037392927302895e-03 8.694272478435043083e-02
7.982781722490711829e+00 7.566009711099600486e-03 8.698281273389359136e-02
7.960332024078528690e+00 7.562227199577992512e-03 8.696106714833938545e-02
7.937945460169618883e+00 7.558075853023340368e-03 8.693719487666565215e-02
7.915621853213028913e+00 7.564486526844642171e-03 8.697405663095543471e-02
7.893361026157109883e+00 7.571062672021746341e-03 8.701185362938630707e-02
7.871162802448143481e+00 7.564829798670336808e-03 8.697603002362395974e-02
7.849027006028921782e+00 7.563833592010449185e-03 8.697030293157802239e-02
7.826953461337351925e+00 7.565607416946731716e-03 8.698050021094803907e-02
7.804941993305082981e+00 7.567388331456774767e-03 8.699073704399092055e-02
7.782992427356081322e+00 7.565529396107672361e-03 8.698005171364105170e-02
7.761104589405290355e+00 7.569627798042258791e-03 8.700360795991313179e-02
7.739278305857204110e+00 7.569736474215697612e-03 8.700423250748033632e-02
7.717513403604529643e+00 7.565420818178971406e-03 8.697942755720441954e-02
7.695809710026796147e+00 7.561042200688036959e-03 8.695425349393805237e-02
7.674167052988972948e+00 7.564780945154597931e-03 8.697574917846122300e-02
7.652585260840142567e+00 7.561866838994967671e-03 8.695899515860891493e-02
7.631064162412089402e+00 7.559235328132375524e-03 8.694386308493760873e-02
7.609603587017987003e+00 7.565832845877027042e-03 8.698179606030807809e-02
7.588203364451024058e+00 7.564561917247592145e-03 8.697449003729537664e-02
7.566863324983041927e+00 7.561958504191289981e-03 8.695952221689864925e-02
7.545583299363218366e+00 7.563015760940655294e-03 8.696560102098217782e-02
7.524363118816697948e+00 7.560086781831711067e-03 8.694875951864816654e-02
7.503202615043273127e+00 7.562088041790307989e-03 8.696026702920310603e-02
7.482101620216041304e+00 7.561854667414825461e-03 8.695892517398559618e-02
7.461059966980062796e+00 7.563475538078245214e-03 8.696824442334251393e-02
7.440077488451058763e+00 7.563291246577920172e-03 8.696718488359801713e-02
7.419154018214058510e+00 7.563897098383808026e-03 8.697066803459548023e-02
7.398289390322106307e+00 7.562019659518402249e-03 8.695987384718541213e-02
7.377483439294932666e+00 7.564919446618406998e-03 8.697654538217994280e-02
7.356736000117630958e+00 7.564993431859113465e-03 8.697697069833550121e-02
7.336046908239377551e+00 7.571373015380292691e-03 8.701363695065442161e-02
7.315415999572087991e+00 7.561206952117160290e-03 8.695520083420635316e-02
7.294843110489155791e+00 7.567518814862104516e-03 8.699148702523773480e-02
7.274328077824132599e+00 7.562734201653108917e-03 8.696398220903357734e-02
7.253870738869426127e+00 7.564993882642481564e-03 8.697697328973043318e-02
7.233470931375036272e+00 7.565699797851762470e-03 8.698103125309426809e-02
7.213128493547235287e+00 7.561546694432425345e-03 8.695715436025046319e-02
7.192843264047319884e+00 7.559655828559235305e-03 8.694628128079565088e-02
7.172615081990305619e+00 7.562591764822016935e-03 8.696316326366018701e-02
7.152443786943655901e+00 7.563197074899677408e-03 8.696664346115513811e-02
7.132329218926020786e+00 7.562538329267454174e-03 8.696285603214429227e-02
7.112271218405957107e+00 7.566789226047767290e-03 8.698729347466656325e-02
7.092269626300661933e+00 7.564888927227963328e-03 8.697636993590823762e-02
7.072324283974725567e+00 7.562707321961442859e-03 8.696382766392841968e-02
7.052435033238847240e+00 7.563386578836579430e-03 8.696773297514762135e-02
7.032601716348612975e+00 7.561117532345308472e-03 8.695468666118755241e-02
7.012824176003222831e+00 7.561899395054995192e-03 8.695918235042804367e-02
6.993102255344240348e+00 7.557923374988181377e-03 8.693631792863200369e-02
6.973435797954368631e+00 7.556808634659837633e-03 8.692990644570967873e-02
6.953824647856184704e+00 7.565009611828223644e-03 8.697706371123495317e-02
6.934268649510927141e+00 7.562308083330428719e-03 8.696153220436279863e-02
6.914767647817249951e+00 7.562046783725076375e-03 8.696002980522186954e-02
6.895321488109981800e+00 7.560387963637639312e-03 8.695049145138651625e-02
6.875930016158924296e+00 7.566682900487432806e-03 8.698668231682038510e-02
6.856593078167603217e+00 7.561364973636807568e-03 8.695610946699953991e-02
6.837310520772072131e+00 7.564212966091084581e-03 8.697248395953219302e-02
6.818082191039681383e+00 7.567265880561298459e-03 8.699003322542932237e-02
6.798907936467859514e+00 7.563419305950465528e-03 8.696792113159003412e-02
6.779787604982927540e+00 7.563310701713412375e-03 8.696729673683903372e-02
6.760721044938862612e+00 7.565382975689334717e-03 8.697921001991990031e-02
6.741708105116123839e+00 7.557607223035286460e-03 8.693449961341749577e-02
6.722748634720436378e+00 7.560233936638484191e-03 8.694960573020721339e-02
6.703842483381588835e+00 7.560106947448358081e-03 8.694887548121803256e-02
6.684989501152267088e+00 7.566555105609239218e-03 8.698594774795087581e-02
6.666189538506832157e+00 7.569235300656325036e-03 8.700135229211282406e-02
6.647442446340163791e+00 7.559549281377237959e-03 8.694566856018325074e-02
6.628748075966462316e+00 7.572234277599507353e-03 8.701858581705121387e-02
6.610106279118062922e+00 7.558148342199305127e-03 8.693761178108877496e-02
6.591516907944281911e+00 7.570279022082055873e-03 8.700735039111383295e-02
6.572979815010217663e+00 7.560024204614482733e-03 8.694839966678215293e-02
6.554494853295604884e+00 7.561562016699309441e-03 8.695724246259944890e-02
6.536061876193638653e+00 7.558848055669135056e-03 8.694163591553322190e-02
6.517680737509799371e+00 7.557574917801148512e-03 8.693431381106742073e-02
6.499351291460720326e+00 7.555645543901064534e-03 8.692321636882210933e-02
6.481073392673002864e+00 7.563375516553553189e-03 8.696766937519685714e-02
6.462846896182084855e+00 7.553525513359764590e-03 8.691102066688530248e-02
6.444671657431086054e+00 7.550059690252412109e-03 8.689107946304046315e-02
6.426547532269647256e+00 7.551821492625555160e-03 8.690121686504484466e-02
6.408474376952808527e+00 7.552074584262176600e-03 8.690267305590879121e-02
6.390452048139851016e+00 7.546910470109156888e-03 8.687295591902670366e-02
6.372480402893174301e+00 7.545878840578301196e-03 8.686701814024871959e-02
6.354559298677156853e+00 7.544381754377533708e-03 8.685840059762517384e-02
6.336688593357015620e+00 7.545737609177818710e-03 8.686620521916343929e-02
6.318868145197702013e+00 7.547807156662483460e-03 8.687811667308679986e-02
6.301097812862749947e+00 7.544041519847353994e-03 8.685644201697047262e-02
6.283377455413178936e+00 7.543905597509017145e-03 8.685565955946115968e-02
6.265706932306366106e+00 7.547506526780098542e-03 8.687638647400165726e-02
6.248086103394922652e+00 7.547642611628123388e-03 8.687716968011863217e-02
6.230514828925604043e+00 7.547748864231665356e-03 8.687778118846996300e-02
6.212992969538174926e+00 7.544377121975388671e-03 8.685837393121856320e-02
6.195520386264329993e+00 7.546983284838472417e-03 8.687337500545533331e-02
6.178096940526576653e+00 7.551455705823394843e-03 8.689911222690019366e-02
6.160722494137131910e+00 7.548408738929680839e-03 8.688157882387774478e-02
6.143396909296844122e+00 7.548335411596966346e-03 8.688115682699537601e-02
6.126120048594079215e+00 7.546540978192221687e-03 8.687082927077548200e-02
6.108891775003646885e+00 7.554436020032235730e-03 8.691625866333775596e-02
6.091711951885711684e+00 7.546513640908597380e-03 8.687067192619496447e-02
6.074580442984694351e+00 7.546569615635790977e-03 8.687099409835132013e-02
6.057497112428212205e+00 7.550693841895259918e-03 8.689472850464094456e-02
6.040461824725991136e+00 7.556271612229249757e-03 8.692681756644062008e-02
6.023474444768782909e+00 7.548512589924089890e-03 8.688217648012790117e-02
6.006534837827314455e+00 7.544098912977877276e-03 8.685677240709487046e-02
5.989642869551195403e+00 7.553378975075189343e-03 8.691017762653110990e-02
5.972798405967874480e+00 7.553829877634669551e-03 8.691277166006541877e-02
5.956001313481559478e+00 7.551515618419028623e-03 8.689945695123202363e-02
5.939251458872169209e+00 7.550902376429070167e-03 8.689592842261983918e-02
5.922548709294269464e+00 7.548236315968671201e-03 8.688058653098902628e-02
5.905892932276025853e+00 7.552853850119690786e-03 8.690715649542153642e-02
5.889283995718148645e+00 7.553005789128916514e-03 8.690803063658109062e-02
5.872721767892845612e+00 7.556505780716939701e-03 8.692816448491788583e-02
5.856206117442775749e+00 7.548707893806952916e-03 8.688330043113551282e-02
5.839736913380017214e+00 7.558060963970227551e-03 8.693710924553581243e-02
5.823314025085013057e+00 7.554638718909642559e-03 8.691742471397574665e-02
5.806937322305546267e+00 7.550820744037133742e-03 8.689545870778940528e-02
5.790606675155705041e+00 7.553424859694129676e-03 8.691044160337772773e-02
5.774321954114847166e+00 7.558809734819064638e-03 8.694141553263935729e-02
5.758083030026581284e+00 7.553043683736453476e-03 8.690824865187685155e-02
5.741889774097736598e+00 7.550935913217191910e-03 8.689612139340392727e-02
5.725742057897341475e+00 7.559391446917069698e-03 8.694476089401287355e-02
5.709639753355606473e+00 7.547464199459359875e-03 8.687614286706886457e-02
5.693582732762908272e+00 7.553608591977865883e-03 8.691149861771954588e-02
5.677570868768780699e+00 7.556647362006909362e-03 8.692897883908973222e-02
5.661604034380895101e+00 7.554515311033090270e-03 8.691671479659761335e-02
5.645682102964062921e+00 7.555082359754381090e-03 8.691997675882329188e-02
5.629804948239224949e+00 7.552717217744689925e-03 8.690637040945094205e-02
5.613972444282452123e+00 7.556084265125827780e-03 8.692573994580563013e-02
5.598184465523949882e+00 7.551999585083245953e-03 8.690224154234024723e-02
5.582440886747057185e+00 7.555858041815862770e-03 8.692443869140520363e-02
5.566741583087255307e+00 7.556094070147810482e-03 8.692579634462839488e-02
5.551086430031176633e+00 7.557255214255733516e-03 8.693247502663048465e-02
5.535475303415618775e+00 7.554496795056105975e-03 8.691660828090397306e-02
5.519908079426561365e+00 7.559499729639455531e-03 8.694538360165797453e-02
5.504384634598181059e+00 7.555197631939829066e-03 8.692063985003693760e-02
5.488904845811870992e+00 7.552408566042881875e-03 8.690459461986392575e-02
5.473468590295267333e+00 7.553876701305198109e-03 8.691304103128136282e-02
5.458075745621274066e+00 7.555373479287855708e-03 8.692165138380572587e-02
5.442726189707097539e+00 7.552138111198438385e-03 8.690303856136699645e-02
5.427419800813266804e+00 7.556495491998536408e-03 8.692810530546801751e-02
5.412156457542677934e+00 7.559151407734464312e-03 8.694338047105405753e-02
5.396936038839625027e+00 7.556035591170214352e-03 8.692545997100167843e-02
5.381758423988848961e+00 7.549666134566666853e-03 8.688881478399085312e-02
5.366623492614566615e+00 7.551320301958473237e-03 8.689833313682417126e-02
5.351531124679529405e+00 7.557036899086710946e-03 8.693121935810350920e-02
5.336481200484060494e+00 7.550452267396949232e-03 8.689333845236324461e-02
5.321473600665112436e+00 7.549967624844235690e-03 8.689054968662722478e-02
5.306508206195320376e+00 7.548773017679605117e-03 8.688367520817477652e-02
5.291584898382053481e+00 7.557156589716181906e-03 8.693190777681220061e-02
5.276703558866475241e+00 7.553931733813526277e-03 8.691335762593414838e-02
5.261864069622609108e+00 7.547021412402308595e-03 8.687359444849918066e-02
5.247066312956393475e+00 7.550137516741851733e-03 8.689152730123836377e-02
5.232310171504759744e+00 7.551201102664944695e-03 8.689764727922698329e-02
5.217595528234690860e+00 7.551327778612305745e-03 8.689837615636039625e-02
5.202922266442301158e+00 7.550777737761683178e-03 8.689521124758074755e-02
5.188290269751902883e+00 7.547245008826721641e-03 8.687488134568427389e-02
5.173699422115089597e+00 7.547278243015466404e-03 8.687507262164138877e-02
5.159149607809817795e+00 7.544300629849062974e-03 8.685793360337938640e-02
5.144640711439478764e+00 7.553569248325889794e-03 8.691127227423316171e-02
5.130172617931992640e+00 7.547929754337495342e-03 8.687882224303858369e-02
5.115745212538891806e+00 7.552428032289932799e-03 8.690470661759311377e-02
5.101358380834412287e+00 7.544521623488874458e-03 8.685920574981603748e-02
5.087012008714587807e+00 7.546277716354241223e-03 8.686931400876975184e-02
5.072705982396338520e+00 7.546519716963440670e-03 8.687070689803001733e-02
5.058440188416575722e+00 7.545469160163182157e-03 8.686466001869334874e-02
5.044214513631298580e+00 7.545672922716340630e-03 8.686583288449113704e-02
5.030028845214694400e+00 7.547104257814869939e-03 8.687407126303492433e-02
5.015883070658252230e+00 7.550423011439631911e-03 8.689317010812548647e-02
5.001777077769859581e+00 7.549058057459457315e-03 8.688531554560562087e-02
4.987710754672919578e+00 7.548102648599180550e-03 8.687981726844952457e-02
4.973683989805462780e+00 7.548545303572766138e-03 8.688236474436435153e-02
4.959696671919262556e+00 7.547759210013504222e-03 8.687784073061152745e-02
4.945748690078948684e+00 7.549147942073606600e-03 8.688583280416667387e-02
4.931839933661133379e+00 7.550630347109195568e-03 8.689436314922387161e-02
4.917970292353528450e+00 7.548710668288211370e-03 8.688331639784598048e-02
4.904139656154075766e+00 7.555466797870600583e-03 8.692218817925950747e-02
4.890347915370071519e+00 7.551271319999312663e-03 8.689805130150682344e-02
4.876594960617295804e+00 7.553760707907369518e-03 8.691237373301553826e-02
4.862880682819146649e+00 7.554969677276936711e-03 8.691932855974519867e-02
4.849204973205774039e+00 7.554002631538973660e-03 8.691376548935716984e-02
4.835567723313220156e+00 7.557785995083768013e-03 8.693552780701206684e-02
4.821968824982552526e+00 7.557954554105181418e-03 8.693649725003406437e-02
4.808408170359013134e+00 7.557933600701682159e-03 8.693637674012923144e-02
4.794885651891159561e+00 7.559770144058440035e-03 8.694693866984874731e-02
4.781401162330010557e+00 7.562885699507851042e-03 8.696485324260515293e-02
4.767954594728199602e+00 7.562616133815443405e-03 8.696330337455818182e-02
4.754545842439125813e+00 7.562922198222700974e-03 8.696506308985638145e-02
4.741174799116103955e+00 7.565110327263707343e-03 8.697764268628868645e-02
4.727841358711525110e+00 7.567565224135158405e-03 8.699175377089002348e-02
4.714545415476013801e+00 7.570319389150388829e-03 8.700758236585125205e-02
4.701286863957589546e+00 7.570739741701294073e-03 8.700999794104867513e-02
4.688065599000832862e+00 7.571767480382077080e-03 8.701590360607695807e-02
4.674881515746048599e+00 7.575979082520696919e-03 8.704010042802511060e-02
4.661734509628432832e+00 7.576366127671752687e-03 8.704232377224170591e-02
4.648624476377245962e+00 7.579220374202983931e-03 8.705871796783469507e-02
4.635551312014985825e+00 7.581063303487464190e-03 8.706930172849362826e-02
4.622514912856566127e+00 7.583496631316710181e-03 8.708327411918266592e-02
4.609515175508485108e+00 7.583555114282584768e-03 8.708360990612748487e-02
4.596551996868012857e+00 7.585749487491609717e-03 8.709620822683160346e-02
4.583625274122372417e+00 7.588545998177529707e-03 8.711226089464978173e-02
4.570734904747923544e+00 7.590756772932708007e-03 8.712494919902512291e-02
4.557880786509350024e+00 7.589198533143273577e-03 8.711600618223538928e-02
4.545062817458846105e+00 7.591804975661258989e-03 8.713096450551467698e-02
4.532280895935312692e+00 7.594269561598328451e-03 8.714510635485120393e-02
4.519534920563547331e+00 7.593991940011434599e-03 8.714351347066191800e-02
4.506824790253443069e+00 7.596974719653138558e-03 8.716062597098037101e-02
4.494150404199183768e+00 7.595844483796486413e-03 8.715414209202272666e-02
4.481511661878446517e+00 7.596442775114012162e-03 8.715757439898159931e-02
4.468908463051602276e+00 7.597690090717658905e-03 8.716472962567863025e-02
4.456340707760923614e+00 7.597418322727919789e-03 8.716317067849195521e-02
4.443808296329793350e+00 7.599220845508606985e-03 8.717350999878693829e-02
4.431311129361907852e+00 7.600147072155986720e-03 8.717882238339760836e-02
4.418849107740492776e+00 7.600118250572878743e-03 8.717865708172430061e-02
4.406422132627516142e+00 7.599239293136455034e-03 8.717361580854872394e-02
4.394030105462906732e+00 7.600113956371163174e-03 8.717863245297648167e-02
4.381672927963768949e+00 7.597393726762951063e-03 8.716302958687789648e-02
4.369350502123604763e+00 7.600888842400114163e-03 8.718307658255766701e-02
4.357062730211537449e+00 7.599602674491866446e-03 8.717570002295288445e-02
4.344809514771533543e+00 7.601356548702838459e-03 8.718575886406471076e-02
4.332590758621631899e+00 7.600316314413105116e-03 8.717979303951750580e-02
4.320406364853175418e+00 7.599990367121937061e-03 8.717792362245120608e-02
4.308256236830038333e+00 7.602435613030588367e-03 8.719194695056756150e-02
4.296140278187859707e+00 7.599939548330307375e-03 8.717763215601985471e-02
4.284058392833283158e+00 7.598070543431100637e-03 8.716691197599638063e-02
4.272010484943189468e+00 7.591367229176103348e-03 8.712845246632183738e-02
4.259996458963943411e+00 7.596273285046631872e-03 8.715660207377655400e-02
4.248016219610629030e+00 7.589051720714223848e-03 8.711516355212922669e-02
4.236069671866297348e+00 7.584731854204427616e-03 8.709036602405817451e-02
4.224156720981211421e+00 7.575097842517054640e-03 8.703503801640494197e-02
4.212277272472098488e+00 7.575382258777526613e-03 8.703667191924061020e-02
4.200431232121394132e+00 7.560318474864132290e-03 8.695009186230991116e-02
4.188618505976502426e+00 7.554139190347086696e-03 8.691455108523017670e-02
4.176839000349043651e+00 7.551179986150270695e-03 8.689752577691882418e-02
4.165092621814115326e+00 7.535561632154728386e-03 8.680761275461229554e-02
4.153379277209553244e+00 7.532652146652467004e-03 8.679085289736740427e-02
4.141698873635188072e+00 7.529471013407305902e-03 8.677252453056386039e-02
4.130051318452109932e+00 7.532277879215530658e-03 8.678869672495105603e-02
4.118436519281933883e+00 7.530665529678680879e-03 8.677940729043198687e-02
4.106854384006067171e+00 7.531761728613906720e-03 8.678572306902734845e-02
4.095304820764982701e+00 7.529413521729179382e-03 8.677219325180837717e-02
4.083787737957481845e+00 7.531749584557141317e-03 8.678565310324709570e-02
4.072303044239975911e+00 7.528638858933697428e-03 8.676772936370812095e-02
4.060850648525756945e+00 7.528205856299932490e-03 8.676523414536453649e-02
4.049430459984277419e+00 7.526983504549193335e-03 8.675818984135845457e-02
4.038042388040430808e+00 7.524886111917050008e-03 8.674610142200657459e-02
4.026686342373829497e+00 7.526886463896844542e-03 8.675763058023683305e-02
4.015362232918092467e+00 7.524316754593688393e-03 8.674281961403887409e-02
4.004069969860127642e+00 7.524887267516687690e-03 8.674610808282229302e-02
3.992809463639422241e+00 7.522981991031196108e-03 8.673512547423446739e-02
3.981580624947332669e+00 7.524968026024489789e-03 8.674657356936059383e-02
3.970383364726373099e+00 7.523952454899615790e-03 8.674071970475928650e-02
3.959217594169509358e+00 7.522132509798834174e-03 8.673022835089755356e-02
3.948083224719461715e+00 7.525008085830601871e-03 8.674680447042762421e-02
3.936980168067989005e+00 7.522027408745921365e-03 8.672962244092799478e-02
3.925908336155204292e+00 7.522399486371493353e-03 8.673176745790145414e-02
3.914867641168863432e+00 7.525522476338694818e-03 8.674976931576645900e-02
3.903857995543675408e+00 7.522276053796602205e-03 8.673105587848335685e-02
3.892879311960604660e+00 7.525827605673789458e-03 8.675152797313595565e-02
3.881931503346183199e+00 7.525273280032522202e-03 8.674833301010759223e-02
3.871014482871811158e+00 7.524541348591098737e-03 8.674411420143213203e-02
3.860128163953079117e+00 7.525951192431331628e-03 8.675224027327094189e-02
3.849272460249073102e+00 7.526000512233474091e-03 8.675252452945374226e-02
3.838447285661692465e+00 7.527507118913675035e-03 8.676120745421697644e-02
3.827652554334969093e+00 7.529603015189509536e-03 8.677328514692474182e-02
3.816888180654383955e+00 7.526743521873007284e-03 8.675680677545138941e-02
3.806154079246187649e+00 7.529608944284608106e-03 8.677331931120653430e-02
3.795450164976725382e+00 7.529950083469323999e-03 8.677528498062869744e-02
3.784776352951759293e+00 7.530182732877966495e-03 8.677662549833317640e-02
3.774132558515800540e+00 7.531080837840893778e-03 8.678180015326308894e-02
3.763518697251428957e+00 7.531340428241286265e-03 8.678329579038403241e-02
3.752934684978632696e+00 7.531984327719788187e-03 8.678700552340648522e-02
3.742380437754132316e+00 7.533594595515629225e-03 8.679628215261082913e-02
3.731855871870722208e+00 7.533943777891595299e-03 8.679829363467692072e-02
3.721360903856604452e+00 7.534277952413977360e-03 8.680021861962086693e-02
3.710895450474722690e+00 7.535246805099471250e-03 8.680579937480831232e-02
3.700459428722106203e+00 7.537183321869768936e-03 8.681695296351842062e-02
3.690052755829213993e+00 7.537328353669926068e-03 8.681778823299937664e-02
3.679675349259268646e+00 7.538516770356044026e-03 8.682463227884149037e-02
3.669327126707615516e+00 7.538725577721252374e-03 8.682583473667991603e-02
3.659008006101054811e+00 7.541662146729709304e-03 8.684274377706929782e-02
3.648717905597205213e+00 7.540886538060186800e-03 8.683827806941007976e-02
3.638456743583841302e+00 7.542919186682135388e-03 8.684998092505337441e-02
3.628224438678260722e+00 7.542194623797883468e-03 8.684580947747498614e-02
3.618020909726623824e+00 7.544012697106863667e-03 8.685627609509208313e-02
3.607846075803319952e+00 7.543519131964160351e-03 8.685343477355492170e-02
3.597699856210322178e+00 7.545126912060054307e-03 8.686268998862546609e-02
3.587582170476548260e+00 7.545901649708348577e-03 8.686714942778051007e-02
3.577492938357222485e+00 7.545891798874173294e-03 8.686709272718970420e-02
3.567432079833238401e+00 7.546449282701571566e-03 8.687030150000385476e-02
3.557399515110522437e+00 7.548565752078131678e-03 8.688248242354802697e-02
3.547395164619406405e+00 7.549779387741949177e-03 8.688946649474807438e-02
3.537418949013990233e+00 7.546598020937943935e-03 8.687115758948964206e-02
3.527470789171518462e+00 7.549185785734718532e-03 8.688605058198191344e-02
3.517550606191747420e+00 7.549487547120544741e-03 8.688778709991723526e-02
3.507658321396322165e+00 7.548618643396739526e-03 8.688278680726545244e-02
3.497793856328153428e+00 7.548369148078258074e-03 8.688135097981762589e-02
3.487957132750791889e+00 7.549775095274382890e-03 8.688944179400845402e-02
3.478148072647813116e+00 7.551627191966352529e-03 8.690009891804699460e-02
3.468366598222192287e+00 7.549289712579887283e-03 8.688664864396536403e-02
3.458612631895692680e+00 7.550107575726864965e-03 8.689135501145590912e-02
3.448886096308246607e+00 7.550444993270167410e-03 8.689329659571080888e-02
3.439186914317343913e+00 7.551379864999319125e-03 8.689867585296866259e-02
3.429515008997420455e+00 7.553926952049535432e-03 8.691333011713182899e-02
3.419870303639245712e+00 7.552331638467400278e-03 8.690415202087527213e-02
3.410252721749317484e+00 7.552324931230559694e-03 8.690411343101406283e-02
3.400662187049252161e+00 7.549130471379463490e-03 8.688573226588737486e-02
3.391098623475181206e+00 7.550779121279949276e-03 8.689521920842337155e-02
3.381561955177149859e+00 7.551696489010223043e-03 8.690049763384685710e-02
3.372052106518510950e+00 7.553050988722783722e-03 8.690829067886897408e-02
3.362569002075329383e+00 7.557131306429353164e-03 8.693176235662862517e-02
3.353112566635779501e+00 7.560981460479065074e-03 8.695390422792449725e-02
3.343682725199556671e+00 7.564294174564506132e-03 8.697295082130136745e-02
3.334279402977271101e+00 7.564954670981938883e-03 8.697674787540597696e-02
3.324902525389863861e+00 7.563915958791815955e-03 8.697077646423433117e-02
3.315552018068010920e+00 7.559079042623227662e-03 8.694296430777609386e-02
3.306227806851533835e+00 7.554679110492723386e-03 8.691765706973884897e-02
3.296929817788815775e+00 7.550310104618807722e-03 8.689252041815111183e-02
3.287657977136207776e+00 7.548231607518660242e-03 8.688055943373443335e-02
3.278412211357448758e+00 7.553525231457348249e-03 8.691101904509777876e-02
3.269192447123080214e+00 7.550672029627194387e-03 8.689460299481892303e-02
3.259998611309866678e+00 7.552043606789230444e-03 8.690249482488537902e-02
3.250830631000215298e+00 7.551745841518081245e-03 8.690078159325197171e-02
3.241688433481595855e+00 7.555300744428450344e-03 8.692123298957769861e-02
3.232571946245964334e+00 7.554214465781881882e-03 8.691498412691497921e-02
3.223481096989189609e+00 7.553946441237122979e-03 8.691344223557782855e-02
3.214415813610477457e+00 7.556292647828670092e-03 8.692693856238507821e-02
3.205376024211803010e+00 7.558024472412431215e-03 8.693689937197225659e-02
3.196361657097335662e+00 7.558131448435190941e-03 8.693751462076190761e-02
3.187372640772872412e+00 7.558035935442744373e-03 8.693696529924853367e-02
3.178408903945271202e+00 7.559818179626090311e-03 8.694721490436649325e-02
3.169470375521885153e+00 7.557277150942539115e-03 8.693260119737898639e-02
3.160556984610000342e+00 7.558332433614946104e-03 8.693867053052367622e-02
3.151668660516269593e+00 7.557675384859408041e-03 8.693489164230555621e-02
3.142805332746155145e+00 7.559734166522146144e-03 8.694673177596813629e-02
3.133966931003368206e+00 7.557776531766215687e-03 8.693547337977872158e-02
3.125153385189312072e+00 7.556744309540775612e-03 8.692953646224495234e-02
3.116364625402527455e+00 7.557535224850518187e-03 8.693408551799758355e-02
3.107600581938133377e+00 7.556535806710398644e-03 8.692833719052953101e-02
3.098861185287279607e+00 7.557959192122136287e-03 8.693652392477016488e-02
3.090146366136591993e+00 7.558955450011041466e-03 8.694225353653448063e-02
3.081456055367626234e+00 7.552920864317310724e-03 8.690754204507979142e-02
3.072790184056314988e+00 7.557019481847673630e-03 8.693111917977171255e-02
3.064148683472423862e+00 7.555164171620276647e-03 8.692044737356266482e-02
3.055531485079007847e+00 7.557909620562985355e-03 8.693623882227126398e-02
3.046938520531863315e+00 7.561510182600137721e-03 8.695694441848872414e-02
3.038369721678992441e+00 7.554465270694149179e-03 8.691642693239379214e-02
3.029825020560055204e+00 7.559462077679768299e-03 8.694516707488558760e-02
3.021304349405836032e+00 7.560871857495300719e-03 8.695327398951289977e-02
3.012807640637703788e+00 7.558898301004053806e-03 8.694192487519501744e-02
3.004334826867075314e+00 7.558443255170405398e-03 8.693930788297320189e-02
2.995885840894885188e+00 7.556930827764826199e-03 8.693060926834014768e-02
2.987460615711046596e+00 7.564921767108798850e-03 8.697655872192690263e-02
2.979059084493923759e+00 7.560118437385740693e-03 8.694894155414280290e-02
2.970681180609801242e+00 7.562775035186150747e-03 8.696421698138925849e-02
2.962326837612354158e+00 7.560774242324306595e-03 8.695271267950360761e-02
2.953995989242124587e+00 7.562108297383532407e-03 8.696038349376991605e-02
2.945688569425992220e+00 7.568060350469149079e-03 8.699459954772566228e-02
2.937404512276651669e+00 7.566673218557000077e-03 8.698662666500524276e-02
2.929143752092090658e+00 7.567434351607343554e-03 8.699100155537550783e-02
2.920906223355067777e+00 7.567740326152261332e-03 8.699276019389350079e-02
2.912691860732595117e+00 7.570001865003024751e-03 8.700575765432437547e-02
2.904500599075416911e+00 7.572383419599083149e-03 8.701944276768890096e-02
2.896332373417494388e+00 7.568235016077686471e-03 8.699560342958537196e-02
2.888187118975491074e+00 7.568737260794613196e-03 8.699848999146257700e-02
2.880064771148257208e+00 7.570283046143205276e-03 8.700737351594521607e-02
2.871965265516321253e+00 7.569758981673436332e-03 8.700436185429691327e-02
2.863888537841374315e+00 7.570849928535088383e-03 8.701063112364539054e-02
2.855834524065762547e+00 7.572907198209577473e-03 8.702245226497341835e-02
2.847803160311979109e+00 7.570908871619441878e-03 8.701096983495495985e-02
2.839794382882159240e+00 7.573844720775062614e-03 8.702783876883915526e-02
2.831808128257572221e+00 7.571024839131993908e-03 8.701163622833439637e-02
2.823844333098118220e+00 7.575333735997127026e-03 8.703639316973749152e-02
2.815902934241828248e+00 7.574307747145318445e-03 8.703049894804303077e-02
2.807983868704359676e+00 7.572850076809480545e-03 8.702212406514495124e-02
2.800087073678500627e+00 7.573390774728934807e-03 8.702523067897570408e-02
2.792212486533667715e+00 7.570317490529446074e-03 8.700757145518685232e-02
2.784360044815413104e+00 7.573257194374010716e-03 8.702446319497759986e-02
2.776529686244925799e+00 7.573875650855993111e-03 8.702801647088133363e-02
2.768721348718539588e+00 7.576358376132659792e-03 8.704227924481676426e-02
2.760934970307242331e+00 7.577882248037596732e-03 8.705103243521926382e-02
2.753170489256180353e+00 7.574476788187609055e-03 8.703147010241529813e-02
2.745427843984171723e+00 7.573612459850664891e-03 8.702650435270087304e-02
2.737706973083217310e+00 7.579959401009465046e-03 8.706296228023409356e-02
2.730007815318012288e+00 7.575199013060574665e-03 8.703561922029724729e-02
2.722330309625464739e+00 7.578039659933416897e-03 8.705193656624427012e-02
2.714674395114205385e+00 7.578299253651721301e-03 8.705342758129470948e-02
2.707040011064108853e+00 7.577754445699318511e-03 8.705029836651519137e-02
2.699427096925810510e+00 7.576559031224270636e-03 8.704343186722517112e-02
2.691835592320226400e+00 7.578877866259264330e-03 8.705675083679188797e-02
2.684265437038076296e+00 7.575636752760385451e-03 8.703813389980501192e-02
2.676716571039402304e+00 7.571958538882822207e-03 8.701700143582759284e-02
2.669188934453095463e+00 7.570526648022125708e-03 8.700877339683697753e-02
2.661682467576420130e+00 7.566746189161486016e-03 8.698704609975835278e-02
2.654197110874540577e+00 7.563631334395468260e-03 8.696914012680284634e-02
2.646732804980050258e+00 7.556578397924340607e-03 8.692858216906761137e-02
2.639289490692497520e+00 7.550426661126829336e-03 8.689319110912448185e-02
2.631867108977919312e+00 7.552966162491688874e-03 8.690780265598531396e-02
2.624465600968369561e+00 7.549611133597977641e-03 8.688849828140648990e-02
2.617084907961458651e+00 7.554206017049734830e-03 8.691493552347452634e-02
2.609724971419880024e+00 7.550697631142524839e-03 8.689475030830415281e-02
2.602385732970950549e+00 7.548144718215511056e-03 8.688005938197504441e-02
2.595067134406146891e+00 7.557687016461586867e-03 8.693495854063304495e-02
2.587769117680642328e+00 7.547101938476836677e-03 8.687405791418308099e-02
2.580491624912850668e+00 7.552273868013582858e-03 8.690381963995358339e-02
2.573234598383960403e+00 7.554187395589509468e-03 8.691482839878077182e-02
2.565997980537483070e+00 7.553404954481921126e-03 8.691032708764777348e-02
2.558781713978792727e+00 7.552405213678932069e-03 8.690457533225125208e-02
2.551585741474672542e+00 7.548491142329572662e-03 8.688205305084342744e-02
2.544410005952863152e+00 7.550693314740220680e-03 8.689472547134388658e-02
2.537254450501604364e+00 7.549421928591834238e-03 8.688740949407937342e-02
2.530119018369187955e+00 7.551373354563868830e-03 8.689863839303736681e-02
2.523003652963506926e+00 7.548251269440697797e-03 8.688067258856078945e-02
2.515908297851605191e+00 7.551631813742330952e-03 8.690012551050965706e-02
2.508832896759233932e+00 7.552632379528414867e-03 8.690588230682901039e-02
2.501777393570399077e+00 7.549396410782703744e-03 8.688726264984243663e-02
2.494741732326921646e+00 7.545396262824645948e-03 8.686424041471062230e-02
2.487725857227991000e+00 7.547298084560338793e-03 8.687518681741258908e-02
2.480729712629722528e+00 7.550267175952021445e-03 8.689227339615428203e-02
2.473753243044719330e+00 7.542773718117110927e-03 8.684914345068182884e-02
2.466796393141627686e+00 7.544018640957904365e-03 8.685631031167455329e-02
2.459859107744701401e+00 7.544719789006562420e-03 8.686034647067994441e-02
2.452941331833361716e+00 7.540305057322584797e-03 8.683492993791487591e-02
2.446043010541763874e+00 7.541214249731827308e-03 8.684016495684371284e-02
2.439164089158359694e+00 7.538722853494407398e-03 8.682581904879681234e-02
2.432304513125464585e+00 7.540798477070406215e-03 8.683777102776421564e-02
2.425464228038824999e+00 7.540138733976708453e-03 8.683397223423967859e-02
2.418643179647184560e+00 7.536254641411097889e-03 8.681160430156269203e-02
2.411841313851859514e+00 7.540751257197696351e-03 8.683749914177454898e-02
2.405058576706301743e+00 7.536680203960107079e-03 8.681405533644945272e-02
2.398294914415678658e+00 7.537181134263746390e-03 8.681694036456102936e-02
2.391550273336440657e+00 7.535764801076538788e-03 8.680878297198123261e-02
2.384824599975898352e+00 7.538359803750235323e-03 8.682372834513751858e-02
2.378117840991800236e+00 7.536957595023284495e-03 8.681565293783882753e-02
2.371429943191904144e+00 7.534209933011911699e-03 8.679982680289120844e-02
2.364760853533561136e+00 7.535782351023304591e-03 8.680888405585746037e-02
2.358110519123290061e+00 7.534970286859074030e-03 8.680420661960498718e-02
2.351478887216361446e+00 7.534736842799816259e-03 8.680286195051299669e-02
2.344865905216379165e+00 7.536923843550607897e-03 8.681545855174992166e-02
2.338271520674859882e+00 7.534329893846889066e-03 8.680051782015409112e-02
2.331695681290820499e+00 7.534116385597501402e-03 8.679928793254873542e-02
2.325138334910362037e+00 7.533198234146506501e-03 8.679399883716906738e-02
2.318599429526255307e+00 7.532548486316298884e-03 8.679025571062859434e-02
2.312078913277531012e+00 7.530791100382403132e-03 8.678013079260944729e-02
2.305576734449064968e+00 7.531008380562113566e-03 8.678138268408791545e-02
2.299092841471169990e+00 7.534502134205922630e-03 8.680150997653164613e-02
2.292627182919187323e+00 7.531517952403128310e-03 8.678431858580862301e-02
2.286179707513076753e+00 7.531464448144713046e-03 8.678401032531692094e-02
2.279750364117012484e+00 7.533035578814763038e-03 8.679306181265160347e-02
2.273339101738975021e+00 7.530226932613139600e-03 8.677688017331079695e-02
2.266945869530349267e+00 7.529897975667757329e-03 8.677498473447146921e-02
2.260570616785517739e+00 7.530786270449885828e-03 8.678010296404288504e-02
2.254213292941462665e+00 7.529299217990471742e-03 8.677153460663510065e-02
2.247873847577362749e+00 7.530078530797098060e-03 8.677602509217104132e-02
2.241552230414192159e+00 7.529394911395636929e-03 8.677208601500621676e-02
2.235248391314323513e+00 7.528359708480198212e-03 8.676612074122133644e-02
2.228962280281129971e+00 7.528528211538054044e-03 8.676709175452439193e-02
2.222693847458589111e+00 7.528781081581266063e-03 8.676854891941702952e-02
2.216443043130885915e+00 7.529970815269172030e-03 8.677540443737022380e-02
2.210209817722018855e+00 7.528587451154867584e-03 8.676743312530840746e-02
2.203994121795409100e+00 7.530327957118472873e-03 8.677746226479818303e-02
2.197795906053504389e+00 7.527643095907403208e-03 8.676199107850973702e-02
2.191615121337392225e+00 7.526825106909639136e-03 8.675727696804251543e-02
2.185451718626407303e+00 7.527139129401777019e-03 8.675908672526340404e-02
2.179305649037742931e+00 7.528352324282563783e-03 8.676607818890147428e-02
2.173176863826063787e+00 7.527169738206599368e-03 8.675926312623107040e-02
2.167065314383120000e+00 7.527297803297490660e-03 8.676000117160839742e-02
2.160970952237361686e+00 7.528983052235072547e-03 8.676971275874476031e-02
2.154893729053551699e+00 7.528705513021263611e-03 8.676811345777470097e-02
2.148833596632386378e+00 7.529416271872318642e-03 8.677220909872192245e-02
2.142790506910109638e+00 7.530439513554857377e-03 8.677810503551490473e-02
2.136764411958134602e+00 7.529680876903612624e-03 8.677373379602615344e-02
2.130755263982662129e+00 7.532671604360123910e-03 8.679096499267723031e-02
2.124763015324301563e+00 7.530269802908644110e-03 8.677712718746019571e-02
2.118787618457693700e+00 7.533063134608093334e-03 8.679322055672374081e-02
2.112829025991131981e+00 7.531918633613386010e-03 8.678662704364875635e-02
2.106887190666188570e+00 7.533438442494787279e-03 8.679538261045219305e-02
2.100962065357339537e+00 7.533243501991175421e-03 8.679425961428080538e-02
2.095053603071590498e+00 7.536243323828882741e-03 8.681153911680683510e-02
2.089161756948101800e+00 7.537208027852208489e-03 8.681709525117854709e-02
2.083286480257821260e+00 7.536765430851725782e-03 8.681454619389382399e-02
2.077427726403108910e+00 7.536919027334728662e-03 8.681543081350646951e-02
2.071585448917372840e+00 7.540051301579826955e-03 8.683346878698228188e-02
2.065759601464694839e+00 7.541691871858538163e-03 8.684291492032344961e-02
2.059950137839465789e+00 7.540996844718554984e-03 8.683891319402008147e-02
2.054157011966020185e+00 7.544108175264476433e-03 8.685682572638996068e-02
2.048380177898268872e+00 7.542522402413878550e-03 8.684769658669064252e-02
2.042619589819335779e+00 7.544139788617591422e-03 8.685700771162677136e-02
2.036875202041192878e+00 7.545062125485303521e-03 8.686231706260950924e-02
2.031146969004300029e+00 7.546591238650535161e-03 8.687111855300663765e-02
2.025434845277241269e+00 7.544661568516630723e-03 8.686001133154790110e-02
2.019738785556368654e+00 7.543394462436084358e-03 8.685271706996899876e-02
2.014058744665437661e+00 7.546423861843517579e-03 8.687015518487069266e-02
2.008394677555251029e+00 7.548616141155169330e-03 8.688277240716464622e-02
2.002746539303303930e+00 7.545544597213566310e-03 8.686509423936386587e-02
1.997114285113423149e+00 7.546362837437098868e-03 8.686980394496754410e-02
1.991497870315416030e+00 7.539911366347409709e-03 8.683266301540802645e-02
1.985897250364713429e+00 7.540685133296928279e-03 8.683711840737766419e-02
1.980312380842018216e+00 7.546644042313184128e-03 8.687142247202576939e-02
1.974743217452950672e+00 7.540921113862030824e-03 8.683847715075403151e-02
1.969189716027699433e+00 7.543025913926996659e-03 8.685059535735489833e-02
1.963651832520670659e+00 7.544529130052117852e-03 8.685924896090294056e-02
1.958129523010137873e+00 7.543282855013985939e-03 8.685207455791707498e-02
1.952622743697894681e+00 7.543692360204553096e-03 8.685443201244570643e-02
1.947131450908905936e+00 7.545047817188788031e-03 8.686223470063839103e-02
1.941655601090962469e+00 7.542551672206816889e-03 8.684786509872777227e-02
1.936195150814337129e+00 7.541532623223122511e-03 8.684199803794891148e-02
1.930750056771436185e+00 7.540972888980675484e-03 8.683877526186488394e-02
1.925320275776460477e+00 7.537333290302253817e-03 8.681781666399042419e-02
1.919905764765059475e+00 7.539359680440124202e-03 8.682948623849000291e-02
1.914506480793989995e+00 7.534868043046842254e-03 8.680361768409679268e-02
1.909122381040779803e+00 7.535514392056965986e-03 8.680734065767115037e-02
1.903753422803382556e+00 7.535942505825232729e-03 8.680980650724451353e-02
1.898399563499841625e+00 7.538243977952181936e-03 8.682306132561891376e-02
1.893060760667951925e+00 7.537035528283045870e-03 8.681610178004449396e-02
1.887736971964924626e+00 7.539870183340521316e-03 8.683242587501814602e-02
1.882428155167048089e+00 7.542913689726420991e-03 8.684994927877863480e-02
1.877134268169357023e+00 7.543561772218069714e-03 8.685368024567566292e-02
1.871855268985294751e+00 7.541133656401045708e-03 8.683970092302854826e-02
1.866591115746383256e+00 7.542698024440006900e-03 8.684870767282612536e-02
1.861341766701888556e+00 7.546194733656198285e-03 8.686883637793359203e-02
1.856107180218492081e+00 7.545591339015529989e-03 8.686536328719018929e-02
1.850887314779958048e+00 7.539866897475565322e-03 8.683240695429077227e-02
1.845682128986805948e+00 7.541785876065481078e-03 8.684345614993384255e-02
1.840491581555981471e+00 7.541742966056681416e-03 8.684320909579908154e-02
1.835315631320528773e+00 7.539006796560123423e-03 8.682745416376161374e-02
1.830154237229265179e+00 7.535915356868372328e-03 8.680965013676977815e-02
1.825007358346455000e+00 7.537318267165595519e-03 8.681773014290108947e-02
1.819874953851482902e+00 7.537947394126831568e-03 8.682135333042691194e-02
1.814756983038534388e+00 7.535365765777089775e-03 8.680648458368239728e-02
1.809653405316267838e+00 7.535899285898716576e-03 8.680955757230142400e-02
1.804564180207498314e+00 7.539287602761695142e-03 8.682907118449266493e-02
1.799489267348870714e+00 7.540059943271523388e-03 8.683351854711131301e-02
1.794428626490544021e+00 7.536228346072535063e-03 8.681145285083377572e-02
1.789382217495869787e+00 7.533990613383355350e-03 8.679856342926048351e-02
1.784350000341074383e+00 7.532058409148183545e-03 8.678743232259025775e-02
1.779331935114942365e+00 7.535006371315084925e-03 8.680441446905269587e-02
1.774327982018497840e+00 7.535630414306551499e-03 8.680800892951381909e-02
1.769338101364692495e+00 7.528970865925950148e-03 8.676964253658044079e-02
1.764362253578085848e+00 7.528553999592412643e-03 8.676724035943757241e-02
1.759400399194535503e+00 7.525747994768633951e-03 8.675106912752507393e-02
1.754452498860882725e+00 7.527006738243358086e-03 8.675832374039599282e-02
1.749518513334639591e+00 7.526519724698184019e-03 8.675551696980535188e-02
1.744598403483679450e+00 7.522933275192637652e-03 8.673484464269615168e-02
1.739692130285924732e+00 7.524514304237939905e-03 8.674395831548119273e-02
1.734799654829038751e+00 7.522064852230144275e-03 8.672983830395479543e-02
1.729920938310115952e+00 7.525128235584366970e-03 8.674749699895881183e-02
1.725055942035375711e+00 7.523779053570257142e-03 8.673972016077903524e-02
1.720204627419854360e+00 7.521256732420518801e-03 8.672517934498906456e-02
1.715366955987098763e+00 7.520142674481110345e-03 8.671875618619717674e-02
1.710542889368862784e+00 7.517771075385547980e-03 8.670508102404118900e-02
1.705732389304800867e+00 7.517132020042470442e-03 8.670139572142117335e-02
1.700935417642166492e+00 7.516193943694345764e-03 8.669598574152291570e-02
1.696151936335508648e+00 7.516686923551674226e-03 8.669882884763596698e-02
1.691381907446369626e+00 7.515296854081265215e-03 8.669081182040727640e-02
1.686625293142985704e+00 7.514992627923518589e-03 8.668905714058446066e-02
1.681882055699985168e+00 7.514343607820841119e-03 8.668531368012023786e-02
1.677152157498090546e+00 7.515336048887616242e-03 8.669103788101521768e-02
1.672435561023819961e+00 7.517211014301562744e-03 8.670185127378517154e-02
1.667732228869188482e+00 7.518205415641838682e-03 8.670758568684655554e-02
1.663042123731413469e+00 7.516327769389856243e-03 8.669675754830659387e-02
1.658365208412617253e+00 7.515439125427953240e-03 8.669163238414624717e-02
1.653701445819531823e+00 7.516268086326200956e-03 8.669641334176518555e-02
1.649050798963205944e+00 7.515770920266261375e-03 8.669354601275841565e-02
1.644413230958710725e+00 7.515295379157632336e-03 8.669080331360203007e-02
1.639788705024847859e+00 7.517949514559790943e-03 8.670611001861282252e-02
1.635177184483857182e+00 7.516793158537265693e-03 8.669944151225696116e-02
1.630578632761126467e+00 7.517167662596436865e-03 8.670160126892949293e-02
1.625993013384900765e+00 7.518453220224533516e-03 8.670901464221891786e-02
1.621420289985992857e+00 7.518256239337212446e-03 8.670787876160511443e-02
1.616860426297496600e+00 7.518741875864114535e-03 8.671067913391126980e-02
1.612313386154496708e+00 7.519477691696167462e-03 8.671492196673054320e-02
1.607779133493784096e+00 7.517367191482549060e-03 8.670275192566005706e-02
1.603257632353568329e+00 7.519606707453502757e-03 8.671566587101492418e-02
1.598748846873193630e+00 7.519110003059381597e-03 8.671280184067045593e-02
1.594252741292853548e+00 7.519415012310338292e-03 8.671456055536658214e-02
1.589769279953307857e+00 7.519709795488438431e-03 8.671626027158020611e-02
1.585298427295599666e+00 7.522188549182564840e-03 8.673055141749397290e-02
1.580840147860772538e+00 7.521723084372362519e-03 8.672786798009254894e-02
1.576394406289591377e+00 7.520551898748874253e-03 8.672111564520416926e-02
1.571961167322259323e+00 7.521874220590992095e-03 8.672873930013622057e-02
1.567540395798139974e+00 7.522377722843858784e-03 8.673164199324176482e-02
1.563132056655478275e+00 7.524979591379189758e-03 8.674664023107286903e-02
1.558736114931121408e+00 7.525463825430057235e-03 8.674943126862594278e-02
1.554352535760243015e+00 7.525325714142570843e-03 8.674863522927937776e-02
1.549981284376065194e+00 7.528971726137595986e-03 8.676964749345013328e-02
1.545622326109583611e+00 7.527799085810978931e-03 8.676289002684833829e-02
1.541275626389292386e+00 7.526730860299883988e-03 8.675673380377965649e-02
1.536941150740910089e+00 7.529710063963756389e-03 8.677390197498183189e-02
1.532618864787106183e+00 7.529921335767513803e-03 8.677511933594510285e-02
1.528308734247227685e+00 7.529464816107363581e-03 8.677248882052054912e-02
1.524010724937028272e+00 7.530409970893883580e-03 8.677793481579222645e-02
1.519724802768397165e+00 7.531614680717423245e-03 8.678487587545091753e-02
1.515450933749087570e+00 7.530707586612326622e-03 8.677964961102531405e-02
1.511189083982448667e+00 7.531490137742210059e-03 8.678415833400822399e-02
1.506939219667155605e+00 7.532062259583328749e-03 8.678745450572523945e-02
1.502701307096941719e+00 7.537834808834716419e-03 8.682070495472100913e-02
1.498475312660331848e+00 7.535684342701113973e-03 8.680831954773179926e-02
1.494261202840374336e+00 7.536191224104305669e-03 8.681123904255891310e-02
1.490058944214377012e+00 7.534987991871979450e-03 8.680430860200419318e-02
1.485868503453640521e+00 7.534290835187513677e-03 8.680029282892721965e-02
1.481689847323194975e+00 7.537545246150113842e-03 8.681903734867206512e-02
1.477522942681535945e+00 7.536404207308769129e-03 8.681246573683280843e-02
1.473367756480361557e+00 7.538131859659204063e-03 8.682241565206075262e-02
1.469224255764310927e+00 7.539925062422710503e-03 8.683274188013821726e-02
1.465092407670701702e+00 7.534613491305971501e-03 8.680215142095253078e-02
1.460972179429270934e+00 7.537016004359990348e-03 8.681598933583600797e-02
1.456863538361913291e+00 7.539058037365754111e-03 8.682774923586211724e-02
1.452766451882424370e+00 7.541753541419536806e-03 8.684326998345662241e-02
1.448680887496239578e+00 7.541159481113996269e-03 8.683984961475921249e-02
1.444606812800177664e+00 7.541514523155868482e-03 8.684189382524927503e-02
1.440544195482184930e+00 7.538020424670137040e-03 8.682177390879626533e-02
1.436493003321076323e+00 7.540288807585885343e-03 8.683483637104341679e-02
1.432453204186282525e+00 7.543747424794641256e-03 8.685474900542076993e-02
1.428424766037592608e+00 7.542121297845813706e-03 8.684538731473200046e-02
1.424407656924902232e+00 7.541394313387665520e-03 8.684120170395885629e-02
1.420401844987958961e+00 7.542808580688691381e-03 8.684934415808039099e-02
1.416407298456109354e+00 7.540894507765675235e-03 8.683832395760339440e-02
1.412423985648048275e+00 7.538956892543267896e-03 8.682716678864552118e-02
1.408451874971566209e+00 7.540425750682916775e-03 8.683562489372041726e-02
1.404490934923299683e+00 7.541766041401031136e-03 8.684334195205198337e-02
1.400541134088480799e+00 7.541049633413113816e-03 8.683921713956842259e-02
1.396602441140688100e+00 7.539487200819071540e-03 8.683022055033069730e-02
1.392674824841598991e+00 7.537035516105696463e-03 8.681610170991148345e-02
1.388758254040740603e+00 7.537811130832426654e-03 8.682056859311867991e-02
1.384852697675244215e+00 7.538775139555771616e-03 8.682612014570138814e-02
1.380958124769597450e+00 7.537526597246824167e-03 8.681892994760315174e-02
1.377074504435399138e+00 7.539241184302015834e-03 8.682880388616449896e-02
1.373201805871115511e+00 7.538974030566691908e-03 8.682726547903424352e-02
1.369339998361833954e+00 7.542869097274466049e-03 8.684969255716720737e-02
1.365489051279020760e+00 7.542901786957087462e-03 8.684988075384494910e-02
1.361648934080277318e+00 7.537982744550288106e-03 8.682155691157748822e-02
1.357819616309098976e+00 7.539701867394282483e-03 8.683145666977079569e-02
1.354001067594632568e+00 7.537765660033068221e-03 8.682030672620932865e-02
1.350193257651435497e+00 7.535937005559521958e-03 8.680977482725964200e-02
1.346396156279236145e+00 7.537149329124304131e-03 8.681675719078836562e-02
1.342609733362694291e+00 7.538223597021799331e-03 8.682294395505026074e-02
1.338833958871161967e+00 7.534350057968351895e-03 8.680063397215685705e-02
1.335068802858444759e+00 7.531386476279331235e-03 8.678356109471038748e-02
1.331314235462565332e+00 7.525147728284223118e-03 8.674760935198284895e-02
1.327570226905526507e+00 7.511233599675479385e-03 8.666737332858011345e-02
1.323836747493073895e+00 7.514006879006274175e-03 8.668337141001308810e-02
1.320113767614462086e+00 7.510393192345936678e-03 8.666252472866191325e-02
1.316401257742218389e+00 7.510267593018971760e-03 8.666180007949852993e-02
1.312699188431909025e+00 7.510021796247336699e-03 8.666038192996461387e-02
1.309007530321906643e+00 7.508125764047014067e-03 8.664944179881953201e-02
1.305326254133155617e+00 7.507797198848911377e-03 8.664754583281000788e-02
1.301655330668941346e+00 7.505742979564696861e-03 8.663569114149605177e-02
1.297994730814657771e+00 7.508169882454819588e-03 8.664969637831872185e-02
1.294344425537577115e+00 7.503967194485501764e-03 8.662544195838484118e-02
1.290704385886619399e+00 7.506346766723888050e-03 8.663917570431915738e-02
1.287074582992122185e+00 7.505157494125701441e-03 8.663231206729797573e-02
1.283454988065613200e+00 7.502874938599087863e-03 8.661913725383720009e-02
1.279845572399579634e+00 7.505470017787409763e-03 8.663411578464577656e-02
1.276246307367242983e+00 7.502977235986918458e-03 8.661972775290233129e-02
1.272657164422330345e+00 7.504508672163839357e-03 8.662856729834471359e-02
1.269078115098848381e+00 7.505976540600943492e-03 8.663703908029719847e-02
1.265509131010858157e+00 7.504770305592008313e-03 8.663007737265393526e-02
1.261950183852248664e+00 7.503336028221275350e-03 8.662179880504257412e-02
1.258401245396514545e+00 7.501487373397113835e-03 8.661112730704476070e-02
1.254862287496529172e+00 7.503150912629594389e-03 8.662073027070132936e-02
1.251333282084324594e+00 7.502724288715832170e-03 8.661826763862130740e-02
1.247814201170866610e+00 7.503990051644461590e-03 8.662557388926471480e-02
1.244305016845833611e+00 7.504385465148024834e-03 8.662785617310418684e-02
1.240805701277395645e+00 7.506143734830283271e-03 8.663800398687797333e-02
1.237316226711992817e+00 7.506975186270806004e-03 8.664280227618914587e-02
1.233836565474115909e+00 7.506475987792696029e-03 8.663992144382805238e-02
1.230366689966086557e+00 7.507675875503700899e-03 8.664684573314657134e-02
1.226906572667837869e+00 7.507519448964217190e-03 8.664594306119714762e-02
1.223456186136697266e+00 7.509015552193161816e-03 8.665457606031641558e-02
1.220015503007168212e+00 7.508351945851305179e-03 8.665074694341247385e-02
1.216584495990712833e+00 7.509844335913179111e-03 8.665935804004769316e-02
1.213163137875536313e+00 7.511034133783379974e-03 8.666622256556114068e-02
1.209751401526369730e+00 7.510074642032989536e-03 8.666068683107115700e-02
1.206349259884257119e+00 7.510904213102689679e-03 8.666547301609038578e-02
1.202956685966338313e+00 7.513514182382846456e-03 8.668052943067922067e-02
1.199573652865636664e+00 7.512188245170493654e-03 8.667288067885187131e-02
1.196200133750844774e+00 7.514976240465270560e-03 8.668896262192361812e-02
1.192836101866112442e+00 7.514635982481704043e-03 8.668700007776081184e-02
1.189481530530833497e+00 7.515794331329399801e-03 8.669368103460250996e-02
1.186136393139434642e+00 7.515863385071682237e-03 8.669407929652221678e-02
1.182800663161165389e+00 7.516579695486517131e-03 8.669821045146501592e-02
1.179474314139885349e+00 7.519214979485663343e-03 8.671340714956173035e-02
1.176157319693857506e+00 7.520833326058764395e-03 8.672273822970977264e-02
1.172849653515535939e+00 7.520192312947908235e-03 8.671904238947700239e-02
1.169551289371358660e+00 7.520063421705593630e-03 8.671829923208591862e-02
1.166262201101540219e+00 7.520331577197902212e-03 8.671984534809723533e-02
1.162982362619862542e+00 7.519435186736700416e-03 8.671467688192524559e-02
1.159711747913469759e+00 7.519973268770064473e-03 8.671777942711669795e-02
1.156450331042660151e+00 7.520091464912968815e-03 8.671846092334070666e-02
1.153198086140681866e+00 7.519504282077789717e-03 8.671507528727510905e-02
1.149954987413527085e+00 7.516727161802606860e-03 8.669906090496370954e-02
1.146721009139727743e+00 7.515487128246366166e-03 8.669190924328731840e-02
1.143496125670151020e+00 7.523470120811263755e-03 8.673793933920302679e-02
1.140280311427796178e+00 7.514205755010531888e-03 8.668451854287784197e-02
1.137073540907592717e+00 7.518902384859085623e-03 8.671160467237984393e-02
1.133875788676196095e+00 7.523907966461116682e-03 8.674046325943340907e-02
1.130687029371787444e+00 7.519879559679122638e-03 8.671723911471768131e-02
1.127507237703872178e+00 7.513880764557527223e-03 8.668264396381508696e-02
1.124336388453079039e+00 7.515160915158416825e-03 8.669002777227849399e-02
1.121174456470960701e+00 7.516214029424798763e-03 8.669610158147135481e-02
1.118021416679793711e+00 7.515862385266321340e-03 8.669407353023804441e-02
1.114877244072379314e+00 7.515717884449675708e-03 8.669324013122174655e-02
1.111741913711846941e+00 7.517229830462551429e-03 8.670195978443942519e-02
1.108615400731453482e+00 7.515365371267138106e-03 8.669120700086681286e-02
1.105497680334389443e+00 7.510423377593291282e-03 8.666269888246783126e-02
1.102388727793578660e+00 7.512995123071792083e-03 8.667753528493869764e-02
1.099288518451485785e+00 7.510314197860100405e-03 8.666206896826374184e-02
1.096197027719917783e+00 7.509407100745954175e-03 8.665683528000520108e-02
1.093114231079830745e+00 7.508976838929963364e-03 8.665435268311663664e-02
1.090040104081134720e+00 7.503156674940349678e-03 8.662076353242535720e-02
1.086974622342499641e+00 7.499084328700399843e-03 8.659725358636034820e-02
1.083917761551162595e+00 7.495718372101585827e-03 8.657781685917927128e-02
1.080869497462734197e+00 7.495008790073143246e-03 8.657371881854875051e-02
1.077829805901006965e+00 7.494954845277507563e-03 8.657340726387928453e-02
1.074798662757763257e+00 7.493829574709057716e-03 8.656690808102746049e-02
1.071776043992584304e+00 7.494626782057514994e-03 8.657151253188033468e-02
1.068761925632659038e+00 7.494155602250614570e-03 8.656879115622796717e-02
1.065756283772594681e+00 7.493946109548232926e-03 8.656758116955927396e-02
1.062759094574226015e+00 7.494036682652719869e-03 8.656810430321736083e-02
1.059770334266428193e+00 7.494732766113609661e-03 8.657212464825851661e-02
1.056789979144926006e+00 7.494763888726787247e-03 8.657230439769283969e-02
1.053818005572107808e+00 7.494222571900925958e-03 8.656917795555717221e-02
1.050854389976836334e+00 7.494686740576146818e-03 8.657185882592649540e-02
1.047899108854263295e+00 7.495293589142928113e-03 8.657536363852552652e-02
1.044952138765642191e+00 7.495391856028142154e-03 8.657593115888585766e-02
1.042013456338141797e+00 7.495423824492165703e-03 8.657611578542991071e-02
1.039083038264662751e+00 7.496923652711627757e-03 8.658477725738876474e-02
1.036160861303649927e+00 7.495635765771334856e-03 8.657733979380133338e-02
1.033246902278911028e+00 7.497181944076135307e-03 8.658626879636363571e-02
1.030341138079430285e+00 7.497680039404842726e-03 8.658914504373421694e-02
1.027443545659186608e+00 7.500142878124431249e-03 8.660336528175120729e-02
1.024554102036970837e+00 7.499458753866398639e-03 8.659941543605476078e-02
1.021672784296202563e+00 7.501191899405869161e-03 8.660942153949459377e-02
1.018799569584748932e+00 7.502282491438043779e-03 8.661571734643801201e-02
1.015934435114743239e+00 7.499993121000227136e-03 8.660250066251104495e-02
1.013077358162404851e+00 7.500714360586762178e-03 8.660666464300978418e-02
1.010228316067858012e+00 7.503092212163308024e-03 8.662039143390722062e-02
1.007387286234952217e+00 7.504210490196783212e-03 8.662684624408753531e-02
1.004554246131084350e+00 7.504388166129923911e-03 8.662787176267187916e-02
1.001729173287017716e+00 7.504255593953213475e-03 8.662710657729030816e-02
9.989120452967059638e-01 7.505375349718893495e-03 8.663356941578070902e-02
9.961028398171141163e-01 7.507277292943183300e-03 8.664454566181983841e-02
9.933015345680417107e-01 7.508193197817750707e-03 8.664983091626751732e-02
9.905081073319462748e-01 7.508398737048420889e-03 8.665101694180178671e-02
9.877225359537669114e-01 7.506565911172845273e-03 8.664044039115247064e-02
9.849447983407486618e-01 7.511645189489562016e-03 8.666974783331010679e-02
9.821748724622669791e-01 7.510860531058803115e-03 8.666522100046132604e-02
9.794127363496536454e-01 7.511793477004316370e-03 8.667060330356721187e-02
9.766583680960218006e-01 7.509220243104326210e-03 8.665575712613862724e-02
9.739117458560931917e-01 7.510302597998881266e-03 8.666200204241118754e-02
9.711728478460235348e-01 7.509558735917954558e-03 8.665771019313835144e-02
9.684416523432307633e-01 7.511053664930365283e-03 8.666633524575943770e-02
9.657181376862224997e-01 7.512025283536193955e-03 8.667194057788364658e-02
9.630022822744244149e-01 7.510611836996379694e-03 8.666378619121356541e-02
9.602940645680083653e-01 7.510187658242882709e-03 8.666133889020456726e-02
9.575934630877220854e-01 7.512637402111890621e-03 8.667547174438619551e-02
9.549004564147187679e-01 7.511052642519453273e-03 8.666632934721218984e-02
9.522150231903869777e-01 7.509454806544064651e-03 8.665711053655127116e-02
9.495371421161813430e-01 7.512258763513489368e-03 8.667328748532324156e-02
9.468667919534533572e-01 7.508171756527525637e-03 8.664970719239348251e-02
9.442039515232841795e-01 7.510520237484914242e-03 8.666325771331766237e-02
9.415485997063143264e-01 7.512619554283955434e-03 8.667536878654716337e-02
9.389007154425789148e-01 7.512716422864752774e-03 8.667592758583407553e-02
9.362602777313382418e-01 7.513471140882865135e-03 8.668028115369068309e-02
9.336272656309125839e-01 7.515336590591517596e-03 8.669104100535139634e-02
9.310016582585159961e-01 7.515156015945952291e-03 8.668999951520332814e-02
9.283834347900903339e-01 7.516483810639957089e-03 8.669765746916092974e-02
9.257725744601401630e-01 7.504265060788384289e-03 8.662716121857153007e-02
9.231690565615678912e-01 7.497409411175689001e-03 8.658758231510849113e-02
9.205728604455103437e-01 7.499726365675011934e-03 8.660096053552183981e-02
9.179839655211737837e-01 7.499862922621841274e-03 8.660174895821586005e-02
9.154023512556721531e-01 7.499911109678556766e-03 8.660202716841307324e-02
9.128279971738619825e-01 7.497528681788712991e-03 8.658827104053246071e-02
9.102608828581828515e-01 7.494108326165175790e-03 8.656851810078058929e-02
9.077009879484925214e-01 7.495636632814326079e-03 8.657734480113331299e-02
9.051482921419077288e-01 7.494243502511229067e-03 8.656929884497868710e-02
9.026027751926422038e-01 7.495433911004923538e-03 8.657617403769309050e-02
9.000644169118459104e-01 7.498923956460214202e-03 8.659632761532219669e-02
8.975331971674455067e-01 7.497917883793682979e-03 8.659051844049486801e-02
8.950090958839842514e-01 7.494950144799109558e-03 8.657338011651796728e-02
8.924920930424627974e-01 7.499796535545407913e-03 8.660136566790045676e-02
8.899821686801806520e-01 7.493845115594207663e-03 8.656699784325552760e-02
8.874793028905776371e-01 7.491218981920426054e-03 8.655182829912044795e-02
8.849834758230762377e-01 7.490207751552751050e-03 8.654598633993809687e-02
8.824946676829239500e-01 7.490540199801956622e-03 8.654790696372706427e-02
8.800128587310367401e-01 7.489999525669570161e-03 8.654478335329963967e-02
8.775380292838412810e-01 7.490388224161799099e-03 8.654702897362681613e-02
8.750701597131202991e-01 7.490800037915266996e-03 8.654940807374286726e-02
8.726092304458559212e-01 7.490705613492515749e-03 8.654886257769374425e-02
8.701552219640753538e-01 7.491530638620112238e-03 8.655362868545785071e-02
8.677081148046947856e-01 7.491860869690537827e-03 8.655553633182881679e-02
8.652678895593663988e-01 7.491990339150875373e-03 8.655628422680167189e-02
8.628345268743233820e-01 7.491919838070433026e-03 8.655587697014242854e-02
8.604080074502269415e-01 7.492488468363674506e-03 8.655916166624809394e-02
8.579883120420129794e-01 7.491906394303019488e-03 8.655579931063556165e-02
8.555754214587402151e-01 7.493344306428049474e-03 8.656410518470140925e-02
8.531693165634368636e-01 7.493030110523369453e-03 8.656229034933958510e-02
8.507699782729490900e-01 7.494228712452039552e-03 8.656921342170113831e-02
8.483773875577907964e-01 7.494941022783797174e-03 8.657332743278264853e-02
8.459915254419912989e-01 7.495322687246709636e-03 8.657553168907893004e-02
8.436123730029454482e-01 7.495907122350196385e-03 8.657890691357911228e-02
8.412399113712635268e-01 7.496299867827823163e-03 8.658117501990732212e-02
8.388741217306214804e-01 7.494793266579065708e-03 8.657247406987433891e-02
8.365149853176117034e-01 7.497059764107559705e-03 8.658556325454931646e-02
8.341624834215944917e-01 7.495758047481006041e-03 8.657804599019895686e-02
8.318165973845491612e-01 7.495630975185132820e-03 8.657731212728385362e-02
8.294773086009264995e-01 7.495586544790523720e-03 8.657705553315221680e-02
8.271445985175008841e-01 7.495498214003267108e-03 8.657654540349404848e-02
8.248184486332236220e-01 7.495528377596710409e-03 8.657671960519588983e-02
8.224988404990752899e-01 7.496008390947196676e-03 8.657949174571999418e-02
8.201857557179205171e-01 7.495991938434426113e-03 8.657939673175382711e-02
8.178791759443613252e-01 7.495847082665142019e-03 8.657856017897931633e-02
8.155790828845920215e-01 7.494759964267976374e-03 8.657228173190294196e-02
8.132854582962536494e-01 7.498190321665904913e-03 8.659209156537278629e-02
8.109982839882896588e-01 7.497939914218575315e-03 8.659064565077786990e-02
8.087175418208021327e-01 7.493967687274843623e-03 8.656770579884189021e-02
8.064432137049064586e-01 7.493283016748094119e-03 8.656375117073020209e-02
8.041752816025895534e-01 7.491645888842149090e-03 8.655429445638239405e-02
8.019137275265653120e-01 7.491365668830071885e-03 8.655267568845038950e-02
7.996585335401334982e-01 7.491811333524299454e-03 8.655525017885569439e-02
7.974096817570356377e-01 7.491306907277410845e-03 8.655233623234794005e-02
7.951671543413150189e-01 7.491056793654468811e-03 8.655089135101075304e-02
7.929309335071739184e-01 7.490993383404050306e-03 8.655052503251525753e-02
7.907010015188327134e-01 7.491436439495589850e-03 8.655308451751207721e-02
7.884773406903904380e-01 7.491598100212318832e-03 8.655401839436641098e-02
7.862599333856826744e-01 7.491458033265390760e-03 8.655320926034684725e-02
7.840487620181428863e-01 7.491568886973168188e-03 8.655384963693509015e-02
7.818438090506628635e-01 7.491423462903682925e-03 8.655300955428230081e-02
7.796450569954528342e-01 7.491429477564029958e-03 8.655304429980513470e-02
7.774524884139039083e-01 7.491421363754345066e-03 8.655299742790162343e-02
7.752660859164488549e-01 7.491329143901805099e-03 8.655246468993130216e-02
7.730858321624245466e-01 7.491534151780244837e-03 8.655364898015706354e-02
7.709117098599344020e-01 7.491416416670625827e-03 8.655296884954684355e-02
7.687437017657114957e-01 7.491706766249408428e-03 8.655464612745758513e-02
7.665817906849811125e-01 7.492131648652795503e-03 8.655710050973747238e-02
7.644259594713250783e-01 7.492568417320842611e-03 8.655962348185695932e-02
7.622761910265454244e-01 7.492611450004460494e-03 8.655987205399774675e-02
7.601324683005289407e-01 7.492980399417827585e-03 8.656200320820808813e-02
7.579947742911116171e-01 7.493077716002885351e-03 8.656256532706782525e-02
7.558630920439443068e-01 7.494078676889633257e-03 8.656834685316355804e-02
7.537374046523577231e-01 7.494589949751733274e-03 8.657129980398661773e-02
7.516176952572288794e-01 7.494270437027645768e-03 8.656945441105451389e-02
7.495039470468470855e-01 7.495492676697679962e-03 8.657651342424041441e-02
7.473961432567802765e-01 7.495121164924155484e-03 8.657436782861401003e-02
7.452942671697428967e-01 7.494845474537571543e-03 8.657277559682126367e-02
7.431983021154624502e-01 7.495058458020020103e-03 8.657400567156414706e-02
7.411082314705479401e-01 7.495983738380779596e-03 8.657934937605375747e-02
7.390240386583576404e-01 7.495227116364622938e-03 8.657497973643783762e-02
7.369457071488676458e-01 7.496815145619469163e-03 8.658415066061149468e-02
7.348732204585410877e-01 7.495457836473038045e-03 8.657631221340533756e-02
7.328065621501970162e-01 7.496631615084837358e-03 8.658309081503638704e-02
7.307457158328800606e-01 7.496411896798214382e-03 8.658182197666097757e-02
7.286906651617308661e-01 7.496469237151716196e-03 8.658215310993204461e-02
7.266413938378558646e-01 7.496622175749291517e-03 8.658303630474789570e-02
7.245978856081987107e-01 7.496490875439576484e-03 8.658227806797172410e-02
7.225601242654102752e-01 7.496992030289513151e-03 8.658517211560830262e-02
7.205280936477216347e-01 7.498470575924221643e-03 8.659370979421208980e-02
7.185017776388142874e-01 7.497756941557467796e-03 8.658958910606671944e-02
7.164811601676934760e-01 7.500987895221622286e-03 8.660824380635842590e-02
7.144662252085605125e-01 7.494749126241880867e-03 8.657221913663690205e-02
7.124569567806849912e-01 7.494498067236084367e-03 8.657076912697543591e-02
7.104533389482790007e-01 7.494434315650063717e-03 8.657040092115816932e-02
7.084553558203700030e-01 7.494954787320196737e-03 8.657340692914999858e-02
7.064629915506752678e-01 7.494472433141449209e-03 8.657062107401938822e-02
7.044762303374759727e-01 7.494971757916161700e-03 8.657350494184790080e-02
7.024950564234919703e-01 7.494232265861185474e-03 8.656923394521395809e-02
7.005194540957566662e-01 7.494157464633232485e-03 8.656880191289026416e-02
6.985494076854923406e-01 7.494206822775325086e-03 8.656908699284823761e-02
6.965849015679863587e-01 7.494511537387216898e-03 8.657084692543567939e-02
6.946259201624668256e-01 7.495267304317989980e-03 8.657521183524756470e-02
6.926724479319789074e-01 7.496325666266350982e-03 8.658132400388868222e-02
6.907244693832621518e-01 7.494528463137753276e-03 8.657094468202222726e-02
6.887819690666268091e-01 7.494244440789002253e-03 8.656930426420789138e-02
6.868449315758321516e-01 7.494342896134888708e-03 8.656987291278005203e-02
6.849133415479637943e-01 7.494414300101969774e-03 8.657028531835833651e-02
6.829871836633117921e-01 7.494525568110550935e-03 8.657092796147301816e-02
6.810664426452492926e-01 7.494663911309035545e-03 8.657172697427858998e-02
6.791511032601116327e-01 7.494775878765970976e-03 8.657237364636580224e-02
6.772411503170751024e-01 7.494850656684754267e-03 8.657280552624337100e-02
6.753365686680363744e-01 7.495000367935658429e-03 8.657367017711366242e-02
6.734373432074929333e-01 7.495141070632728268e-03 8.657448279159817017e-02
6.715434588724227272e-01 7.495222870057020523e-03 8.657495521256144966e-02
6.696549006421651518e-01 7.495335665955576814e-03 8.657560664503353987e-02
6.677716535383015906e-01 7.495462962513751472e-03 8.657634181757595249e-02
6.658937026245365098e-01 7.495551040678026522e-03 8.657685048948146611e-02
6.640210330065793309e-01 7.495782832857382331e-03 8.657818912900282216e-02
6.621536298320263025e-01 7.495791117396810067e-03 8.657823697325332801e-02
6.602914782902423729e-01 7.496334242107748243e-03 8.658137352865076519e-02
6.584345636122439505e-01 7.496269986480304411e-03 8.658100245712280207e-02
6.565828710705819971e-01 7.496261647139320153e-03 8.658095429792467268e-02
6.547363859792246776e-01 7.496479351123937554e-03 8.658221151670784932e-02
6.528950936934412308e-01 7.496510674076394161e-03 8.658239240212985133e-02
6.510589796096857285e-01 7.496472261033474901e-03 8.658217057243064452e-02
6.492280291654813906e-01 7.496793450987600423e-03 8.658402537990250725e-02
6.474022278393050112e-01 7.497315391425391287e-03 8.658703939635187252e-02
6.455815611504716056e-01 7.497033525923999832e-03 8.658541173849090833e-02
6.437660146590198362e-01 7.496804228521470985e-03 8.658408761730686243e-02
6.419555739655972149e-01 7.496760199628516724e-03 8.658383336182637335e-02
6.401502247113461941e-01 7.496880337774720557e-03 8.658452712681821706e-02
6.383499525777902583e-01 7.497020970896925429e-03 8.658533923763840623e-02
6.365547432867197930e-01 7.497074601865333018e-03 8.658564893713814603e-02
6.347645826000798408e-01 7.497171762169262121e-03 8.658621000002980628e-02
6.329794563198564150e-01 7.497290301115201554e-03 8.658689451132429993e-02
6.311993502879638118e-01 7.497374180055632088e-03 8.658737887276431178e-02
6.294242503861329219e-01 7.497514601984296874e-03 8.658818973730941781e-02
6.276541425357990978e-01 7.497659871660289355e-03 8.658902858711541028e-02
6.258890126979900215e-01 7.497765982009241270e-03 8.658964130893048727e-02
6.241288468732149042e-01 7.497828860660447209e-03 8.659000439231105684e-02
6.223736311013529088e-01 7.497933041696299220e-03 8.659060596679236943e-02
6.206233514615433489e-01 7.498082919450358395e-03 8.659147140134736131e-02
6.188779940720740003e-01 7.498143750973710817e-03 8.659182265649402466e-02
6.171375450902722992e-01 7.498286344290918531e-03 8.659264601737792777e-02
6.154019907123946531e-01 7.498382374608679631e-03 8.659320051025183596e-02
6.136713171735171946e-01 7.498526870368290610e-03 8.659403484287062081e-02
6.119455107474266464e-01 7.498653526658656879e-03 8.659476616204155042e-02
6.102245577465118531e-01 7.498789429068310891e-03 8.659555086185612149e-02
6.085084445216544236e-01 7.498913309361688456e-03 8.659626613983820165e-02
6.067971574621211506e-01 7.499130006015959984e-03 8.659751732016317260e-02
6.050906829954557642e-01 7.499145432898926371e-03 8.659760639243399560e-02
6.033890075873711289e-01 7.499286752293269319e-03 8.659842234298076313e-02
6.016921177416426625e-01 7.499425038492377356e-03 8.659922077300913346e-02
5.999999999999999778e-01 7.499867540521639071e-03 8.660177561991232176e-02
