wavelength_micron (rp/rs)^2 error
2.76971 0.0219693 0.0002686
2.77650 0.0224913 0.0002396
2.78335 0.0224374 0.0002535
2.79048 0.0222215 0.0002021
2.79760 0.0224318 0.0002025
2.80439 0.0222744 0.0002016
2.81118 0.0219231 0.000183
2.81797 0.0221702 0.0001681
2.82475 0.0223108 0.0001783
2.83154 0.0222133 0.0001596
2.83832 0.0224683 0.0001628
2.84551 0.0221459 0.0001776
2.85263 0.0221598 0.0001507
2.85942 0.0220345 0.000151
2.86450 0.0221985 0.0001955
2.86959 0.0222223 0.00016
2.87638 0.0219884 0.0001389
2.88316 0.0220793 0.000188
2.88994 0.022122 0.0001386
2.89673 0.0221237 0.0001471
2.90351 0.0222264 0.000154
2.91035 0.0223327 0.0001583
2.91713 0.0216849 0.000154
2.92392 0.0218095 0.0001419
2.93070 0.0218182 0.0001583
2.93748 0.0218678 0.0001637
2.94426 0.0218216 0.0001362
2.95104 0.0219387 0.0001848
2.95782 0.021989 0.0001411
2.96460 0.0218939 0.000146
2.97138 0.0219016 0.0001306
2.97822 0.0217106 0.0001218
2.98500 0.0214396 0.0001562
2.99177 0.0216959 0.0001417
2.99855 0.0217216 0.0001374
3.00533 0.0219394 0.0001331
3.01211 0.0217923 0.000141
3.01888 0.0217253 0.0001647
3.02566 0.0216132 0.0001337
3.03244 0.021568 0.0001303
3.03921 0.0216373 0.0001317
3.04599 0.0217304 0.0001345
3.05282 0.0219578 0.0001448
3.05960 0.0215215 0.0001274
3.06637 0.021707 0.0001367
3.07314 0.021498 0.0003228
3.07992 0.021772 0.0001297
3.08669 0.0217085 0.0001303
3.09346 0.0217343 0.0001278
3.10024 0.0213142 0.0001316
3.10701 0.0214709 0.0001284
3.11378 0.0215387 0.0001325
3.12055 0.0217238 0.0001361
3.12732 0.0213593 0.0001254
3.13409 0.0214749 0.0001347
3.14092 0.0214691 0.0001336
3.14769 0.0212767 0.0001316
3.15446 0.0216247 0.0001337
3.16123 0.0216806 0.0001353
3.16799 0.0215102 0.0001241
3.17476 0.0219102 0.000154
3.18153 0.0212771 0.0001436
3.18830 0.0212687 0.0001325
3.19506 0.0213229 0.0001297
3.20183 0.0216396 0.0001257
3.20859 0.0213565 0.0001412
3.21536 0.021636 0.0001331
3.22212 0.0213505 0.00013
3.22889 0.0213566 0.0001462
3.23531 0.0213327 0.0001311
3.24180 0.0215516 0.0001337
3.24856 0.0215035 0.0001394
3.25532 0.0212898 0.0001249
3.26208 0.0214399 0.0001238
3.26885 0.0214868 0.0001286
3.27561 0.0212428 0.0001337
3.28237 0.0215626 0.0001375
3.28913 0.0216869 0.0001415
3.29622 0.0214572 0.0001307
3.30332 0.0212232 0.0001366
3.31008 0.0212127 0.0001297
3.31684 0.0217664 0.0002043
3.32360 0.021345 0.0001387
3.33035 0.0212994 0.0001393
3.33711 0.021378 0.0001317
3.34387 0.0214389 0.0002682
3.35062 0.0214822 0.0001332
3.35738 0.0212916 0.0001384
3.36379 0.0214193 0.0001547
3.37027 0.0215187 0.0001398
3.37702 0.0211969 0.000182
3.38378 0.0213157 0.0001522
3.39053 0.0212639 0.0001241
3.39728 0.0216618 0.0001384
3.40403 0.0214159 0.0001411
3.41078 0.0213684 0.0001361
3.41754 0.0214959 0.0001367
3.42429 0.0215062 0.0001343
3.43104 0.0214476 0.0001472
3.43778 0.0213767 0.0001333
3.44453 0.0213238 0.0001409
3.45128 0.021121 0.0001424
3.45803 0.0216036 0.0001326
3.46478 0.0212579 0.0001352
3.47152 0.0216356 0.0001331
3.47827 0.0213606 0.0001478
3.48501 0.0213535 0.0001352
3.49176 0.0213532 0.0001449
3.49850 0.0214865 0.0001463
3.50525 0.0213291 0.0001578
3.51199 0.0215294 0.0001526
3.51873 0.0212332 0.0001427
3.52548 0.0216842 0.0001407
3.53222 0.0214323 0.0001387
3.53896 0.0213527 0.0001391
3.54570 0.0215828 0.0001376
3.55244 0.0212563 0.0001291
3.55918 0.0212536 0.0002143
3.56598 0.0214238 0.0001698
3.57272 0.0214895 0.0001424
3.57946 0.0214217 0.0001432
3.58619 0.0213842 0.0002738
3.59293 0.0213699 0.0001402
3.59967 0.0217587 0.0001458
3.60640 0.0210773 0.000151
3.61314 0.021466 0.000149
3.61987 0.0215064 0.0001628
3.62661 0.0211696 0.0001353
3.63334 0.0211238 0.0001472
3.64007 0.021049 0.0001417
3.64680 0.0209788 0.0001406
3.65354 0.0210659 0.0001661
3.66027 0.0211467 0.0001548
3.66700 0.0211417 0.0001424
3.67373 0.0211238 0.0001438
3.68046 0.0211295 0.0001512
3.68719 0.0212388 0.0001419
3.69391 0.0212122 0.0001471
3.70064 0.0209748 0.0001403
3.70737 0.0211701 0.0001528
3.71342 0.021117 0.0001616
3.83320 0.02104 0.0001562
3.83992 0.0212212 0.0001618
3.84663 0.0212071 0.000151
3.85335 0.0210844 0.0001603
3.86006 0.0210045 0.0001613
3.86677 0.0209747 0.000162
3.87348 0.0209531 0.0002655
3.88020 0.0213116 0.0002578
3.88691 0.0211016 0.0001725
3.89362 0.0211219 0.0001563
3.90033 0.0209286 0.0001456
3.90704 0.0211613 0.0001638
3.91374 0.0212032 0.0001604
3.92045 0.0208118 0.0001588
3.92710 0.0208997 0.000162
3.93380 0.0209407 0.0001541
3.94051 0.0211238 0.0001635
3.94721 0.0213009 0.0001725
3.95392 0.0210984 0.0001681
3.96062 0.0211983 0.0001779
3.96732 0.0214534 0.0001793
3.97402 0.0211778 0.0001696
3.98073 0.0210635 0.00017
3.98743 0.0213256 0.0001703
3.99413 0.0213263 0.0001679
4.00083 0.0214248 0.000178
4.00753 0.0213237 0.0001765
4.01422 0.021588 0.0001772
4.02092 0.0211613 0.0001705
4.02762 0.0214475 0.0001674
4.03432 0.0213463 0.0001721
4.04101 0.0213391 0.0001739
4.04771 0.0213145 0.0001773
4.05440 0.0215738 0.0001811
4.06109 0.0212985 0.0002038
4.06779 0.0211166 0.0001698
4.07448 0.0212688 0.0001758
4.08117 0.0216304 0.0001821
4.08786 0.0215436 0.0001832
4.09455 0.0214981 0.00017
4.10124 0.0216167 0.0001713
4.10793 0.0213461 0.0001747
4.11462 0.021403 0.0001822
4.12131 0.0213874 0.0001963
4.12799 0.0209345 0.0001819
4.13468 0.021299 0.000186
4.14136 0.0212992 0.000178
4.14805 0.0213508 0.0001932
4.15467 0.0212487 0.0001869
4.16135 0.021033 0.0001867
4.16804 0.0211595 0.0001848
4.17472 0.0212425 0.0001944
4.18140 0.0212125 0.0001816
4.18808 0.0212468 0.0001892
4.19476 0.0212037 0.0001931
4.20144 0.0214852 0.0003458
4.20812 0.0215715 0.0001923
4.21479 0.021704 0.000192
4.22147 0.0215881 0.0001773
4.22815 0.0217228 0.0001784
4.23482 0.0221706 0.0001924
4.24150 0.0221868 0.0002046
4.24817 0.0220502 0.0001911
4.25484 0.0219565 0.0001907
4.26152 0.0224099 0.0002049
4.26819 0.0228638 0.0001914
4.27519 0.0224156 0.0001942
4.28213 0.0223289 0.0002029
4.28880 0.0224043 0.0001972
4.29547 0.0227125 0.0002084
4.30214 0.0223206 0.0002001
4.30880 0.0224838 0.0002315
4.31547 0.0225139 0.0002169
4.32213 0.0225836 0.000238
4.32880 0.0228101 0.0002296
4.33546 0.0228086 0.0002046
4.34213 0.0225941 0.0002203
4.34879 0.0226173 0.0002251
4.35545 0.022668 0.0002197
4.36211 0.0226192 0.0002291
4.36877 0.0227348 0.0003437
4.37543 0.0223411 0.0002144
4.38203 0.0225939 0.000224
4.38868 0.0223437 0.0002158
4.39534 0.0223742 0.0002361
4.40200 0.0225345 0.0002222
4.40865 0.0222379 0.000203
4.41531 0.0225957 0.0002408
4.42196 0.022566 0.0002199
4.42861 0.0224781 0.0002141
4.43527 0.022462 0.0002186
4.44192 0.022466 0.0002346
4.44857 0.0222329 0.0002386
4.45522 0.0218791 0.0002378
4.46183 0.0222628 0.0002869
4.46845 0.022194 0.000213
4.47510 0.0223244 0.0002397
4.48175 0.0222621 0.0002429
4.48839 0.0218286 0.0002263
4.49504 0.0217887 0.0002613
4.50168 0.0218478 0.0002342
4.50832 0.0218333 0.0002537
4.51497 0.0219783 0.0002603
4.52161 0.0214813 0.0002533
4.52825 0.0217128 0.0002353
4.53489 0.0215714 0.0002437
4.54146 0.0215747 0.0002384
4.54810 0.0218411 0.000255
4.55474 0.0220496 0.0002561
4.56137 0.0219131 0.000254
4.56801 0.0221067 0.0002483
4.57465 0.0220058 0.0002597
4.58128 0.0215478 0.0002355
4.58791 0.0217241 0.0002458
4.59455 0.0213747 0.0002428
4.60118 0.0212244 0.0002483
4.60774 0.0213635 0.0002432
4.61437 0.0212774 0.0002484
4.62100 0.021302 0.0002696
4.62763 0.0217618 0.0002423
4.63426 0.0215535 0.0002567
4.64088 0.0214123 0.0002663
4.64751 0.0219373 0.0002617
4.65413 0.0215604 0.0002714
4.66075 0.0212766 0.000278
4.66738 0.0215316 0.0002524
4.67394 0.0221092 0.0002721
4.68056 0.0210166 0.0002543
4.68718 0.0214415 0.0002609
4.69379 0.0214028 0.0002658
4.70041 0.0216335 0.0002763
4.70703 0.0217784 0.000265
4.71365 0.0216308 0.0002463
4.72026 0.0216238 0.0002645
4.72684 0.0216168 0.0002658
4.73342 0.0211775 0.0002851
4.74004 0.0214726 0.0002707
4.74665 0.0215391 0.0002886
4.75326 0.021172 0.0002724
4.75987 0.0212992 0.0002728
4.76648 0.0210959 0.0002997
4.77309 0.021497 0.0002974
4.77969 0.0216065 0.0002774
4.78623 0.021236 0.0002796
4.79284 0.0216075 0.0002645
4.79944 0.0214028 0.0002826
4.80605 0.0215937 0.0002853
4.81265 0.0217259 0.0002845
4.81925 0.02181 0.0003139
4.82585 0.0214995 0.0002781
4.83245 0.0216757 0.0002906
4.83898 0.0215053 0.0002959
4.84558 0.0216131 0.0002869
4.85218 0.0213715 0.0002998
4.85877 0.0218572 0.000311
4.86537 0.021546 0.0002932
4.87196 0.0211942 0.0002965
4.87855 0.0213547 0.0003857
4.88508 0.0218595 0.0003175
4.89167 0.0213051 0.0003029
4.89826 0.0215721 0.0002981
4.90485 0.0214755 0.0002844
4.91143 0.021486 0.0002884
4.91802 0.0216437 0.0003097
4.92460 0.0218546 0.0002996
4.93112 0.0217401 0.0003056
4.93771 0.0212768 0.0003346
4.94429 0.0212031 0.0003258
4.95087 0.0214393 0.0002874
4.95745 0.0217316 0.0003008
4.96403 0.0217372 0.0003018
4.97061 0.0217863 0.0003143
4.97745 0.0217097 0.0003146
4.98435 0.021226 0.0002888
4.99093 0.0212664 0.0003339
4.99750 0.0209463 0.0003355
5.00407 0.0213677 0.0003114
5.01031 0.0210977 0.0003112
5.01688 0.0217386 0.0003223
5.02372 0.0218308 0.0003257
5.03029 0.0215004 0.0003283
5.03685 0.0211891 0.000329
5.04342 0.0210663 0.0003244
5.04998 0.0210085 0.0004022
5.05655 0.0213619 0.0003131
5.06304 0.0216811 0.0003184
5.06961 0.0211347 0.0003156
5.07617 0.0215737 0.0003011
5.08207 0.0214591 0.0003535
5.08797 0.0207711 0.0003451
5.09486 0.0211042 0.0003422
5.10168 0.0209816 0.0002969
5.10823 0.0212272 0.0003059
5.11511 0.0210243 0.0002887
5.12199 0.0213764 0.0003188
5.12854 0.0210065 0.0005724
5.13542 0.0216063 0.0003336
5.14223 0.0217967 0.0003321
5.14878 0.0212275 0.0003419
5.15565 0.0207862 0.0003369
5.16252 0.020907 0.0003528
5.16907 0.021058 0.000436
